nz: 47.7218087840617 -40.4529278047293 90.6264831990119
ar: -3.19959268881497 16.457170340641 93.9754939086162
al: -16.8360082946499 -77.6584795832326 76.0091700332572
cz: 16.2199766121006 -21.4513920443052 0
iz: -66.6470965883837 -9.19350680483304 28.8481094938634
s1: 28.3712385571445 -88.8346298868124 55.3050897553659
s2: 31.8229351137449 -71.1297927996412 11.3929821866088
s3: 45.9362532617481 -70.9320487003976 23.6905728032341
s4: 49.405094164286 18.489732722593 70.8098174647127
s5: 47.8051160836853 14.1848726539611 25.8555811126195
s6: 61.3717383381391 -0.621146931921917 30.4247009214063
s7: -33.753098314835 -70.2215998131306 -3.10520799536004
s8: -63.8831411613146 -65.1642839181852 23.0074398124974
s9: -7.19368042535893 -57.0128197724599 -15.9551940555609
s10: -47.087806030147 31.457170340641 46.6585496628661
s11: 4.28597440170438 27.824607347536 -2.77989638792972
s12: -18.536764404546 31.457170340641 20.4798705516783
d1: 32.0633644857645 -82.6951584194777 31.0313985416128
d2: 47.9665273817099 -78.9694566066989 43.5880719509416
d3: 27.4826188767393 -52.6572969110867 -4.23304799897631
d4: 47.7939412731127 -47.2485636364655 8.12467985999082
d5: 62.0186686692746 -50.5778438169477 28.4963213099877
d6: 48.2096358006687 20.7634979374801 45.5408736905624
d7: 62.8950181357181 6.01684142246797 49.6670473247665
d8: 38.3517515898361 3.56938416867697 3.54064920807506
d9: 52.8661076091639 -14.1800949254866 12.0349415614045
d10: 64.3340582708002 -25.4326688569131 25.7033198235844
d11: -73.6315410803716 -37.3608117011824 20.487435462835
d12: -52.8026928786409 -57.564132962731 2.77126752896468
d13: -45.0922061541357 -73.7221345162532 13.8818324909112
d14: -28.5817103818749 -51.7294954109315 -16.0111176377263
d15: -12.2703320009524 -73.1060228733661 -4.73134736501684
d16: -19.537982313432 31.457170340641 2.10236524184615
d17: 6.32423552648305 31.457170340641 19.3940745004629
d18: -63.9389561058398 24.9249482980735 41.230671298623
d19: -42.2541176293909 31.457170340641 24.7635580145882
d20: -23.1282780138189 31.457170340641 48.601043817521
